%YAML:1.0
BPmap: !!opencv-matrix
   rows: 786
   cols: 6
   dt: w
   data: [ 0 ,0 ,0 ,1 ,0 ,1 ,1 ,0 ,1 ,1 ,1 ,1 ,2 ,0 ,2 ,1 ,2 ,1 ,3 ,0 ,3 ,1 ,3 ,1 ,4 ,0 ,4 ,1 ,4 ,1 ,19 ,0 ,19 ,1 ,19 ,1 ,42 ,0 ,42 ,1 ,42 ,1 ,265 ,0 ,265 ,1 ,265 ,1 ,333 ,0 ,333 ,1 ,333 ,1 ,346 ,0 ,346 ,1 ,346 ,1 ,408 ,0 ,408 ,1 ,408 ,1 ,430 ,0 ,430 ,1 ,430 ,1 ,437 ,0 ,437 ,1 ,437 ,1 ,463 ,0 ,463 ,1 ,463 ,1 ,469 ,0 ,469 ,1 ,469 ,1 ,484 ,0 ,484 ,1 ,484 ,1 ,490 ,0 ,490 ,1 ,490 ,1 ,512 ,0 ,512 ,1 ,512 ,1 ,522 ,0 ,522 ,1 ,522 ,1 ,523 ,0 ,523 ,1 ,523 ,1 ,543 ,0 ,543 ,1 ,543 ,1 ,611 ,0 ,611 ,1 ,611 ,1 ,612 ,0 ,612 ,1 ,612 ,1 ,635 ,0 ,635 ,1 ,635 ,1 ,283 ,1 ,283 ,2 ,283 ,0 ,381 ,1 ,381 ,2 ,381 ,0 ,403 ,1 ,403 ,2 ,403 ,0 ,421 ,1 ,421 ,2 ,421 ,0 ,455 ,1 ,455 ,2 ,455 ,0 ,504 ,1 ,504 ,2 ,504 ,0 ,595 ,1 ,595 ,2 ,595 ,0 ,626 ,1 ,626 ,2 ,626 ,0 ,628 ,1 ,628 ,2 ,628 ,0 ,634 ,1 ,634 ,2 ,634 ,0 ,128 ,2 ,128 ,3 ,128 ,1 ,190 ,2 ,190 ,3 ,190 ,1 ,394 ,2 ,394 ,3 ,394 ,1 ,422 ,2 ,422 ,3 ,422 ,1 ,512 ,2 ,512 ,3 ,512 ,1 ,516 ,2 ,516 ,3 ,516 ,1 ,524 ,2 ,524 ,3 ,524 ,1 ,529 ,2 ,529 ,3 ,529 ,1 ,530 ,2 ,530 ,3 ,530 ,1 ,582 ,2 ,582 ,3 ,582 ,1 ,631 ,2 ,632 ,2 ,630 ,2 ,635 ,2 ,635 ,3 ,635 ,1 ,141 ,3 ,141 ,4 ,141 ,2 ,316 ,3 ,316 ,4 ,316 ,2 ,379 ,3 ,379 ,4 ,379 ,2 ,418 ,3 ,418 ,4 ,418 ,2 ,596 ,3 ,596 ,4 ,596 ,2 ,631 ,3 ,632 ,3 ,630 ,3 ,0 ,4 ,0 ,5 ,0 ,3 ,172 ,4 ,172 ,5 ,172 ,3 ,249 ,4 ,249 ,5 ,249 ,3 ,378 ,4 ,378 ,5 ,378 ,3 ,496 ,4 ,496 ,5 ,496 ,3 ,539 ,4 ,539 ,5 ,539 ,3 ,560 ,4 ,560 ,5 ,560 ,3 ,281 ,5 ,281 ,6 ,281 ,4 ,349 ,5 ,349 ,6 ,349 ,4 ,364 ,5 ,364 ,6 ,364 ,4 ,387 ,5 ,387 ,6 ,387 ,4 ,414 ,5 ,414 ,6 ,414 ,4 ,567 ,5 ,567 ,6 ,567 ,4 ,401 ,6 ,401 ,7 ,401 ,5 ,419 ,6 ,419 ,7 ,419 ,5 ,636 ,6 ,636 ,7 ,636 ,5 ,540 ,7 ,540 ,8 ,540 ,6 ,593 ,7 ,593 ,8 ,593 ,6 ,104 ,8 ,104 ,9 ,104 ,7 ,150 ,8 ,150 ,9 ,150 ,7 ,405 ,8 ,405 ,9 ,405 ,7 ,407 ,8 ,407 ,9 ,407 ,7 ,638 ,8 ,639 ,8 ,637 ,8 ,170 ,9 ,170 ,10 ,170 ,8 ,229 ,9 ,229 ,10 ,229 ,8 ,269 ,9 ,269 ,10 ,269 ,8 ,349 ,9 ,349 ,10 ,349 ,8 ,421 ,9 ,421 ,10 ,421 ,8 ,490 ,9 ,490 ,10 ,490 ,8 ,638 ,9 ,639 ,10 ,637 ,8 ,639 ,9 ,639 ,10 ,639 ,8 ,404 ,10 ,404 ,11 ,404 ,9 ,513 ,10 ,513 ,11 ,513 ,9 ,517 ,10 ,518 ,10 ,516 ,10 ,411 ,11 ,411 ,12 ,411 ,10 ,517 ,11 ,518 ,11 ,516 ,11 ,629 ,11 ,629 ,12 ,629 ,10 ,534 ,12 ,534 ,13 ,534 ,11 ,635 ,12 ,635 ,13 ,635 ,11 ,176 ,13 ,176 ,14 ,176 ,12 ,593 ,13 ,593 ,14 ,593 ,12 ,324 ,14 ,324 ,15 ,324 ,13 ,68 ,15 ,68 ,16 ,68 ,14 ,131 ,15 ,131 ,16 ,131 ,14 ,258 ,15 ,258 ,16 ,258 ,14 ,337 ,16 ,337 ,17 ,337 ,15 ,493 ,16 ,493 ,17 ,493 ,15 ,215 ,18 ,215 ,19 ,215 ,17 ,374 ,19 ,374 ,20 ,374 ,18 ,625 ,19 ,625 ,20 ,625 ,18 ,638 ,19 ,638 ,20 ,638 ,18 ,263 ,20 ,263 ,21 ,263 ,19 ,291 ,20 ,291 ,21 ,291 ,19 ,400 ,20 ,400 ,21 ,400 ,19 ,129 ,21 ,129 ,22 ,129 ,20 ,222 ,21 ,222 ,22 ,222 ,20 ,636 ,21 ,636 ,22 ,636 ,20 ,239 ,22 ,239 ,23 ,239 ,21 ,380 ,24 ,380 ,25 ,380 ,23 ,49 ,26 ,49 ,27 ,49 ,25 ,0 ,28 ,0 ,29 ,0 ,27 ,202 ,29 ,202 ,30 ,202 ,28 ,399 ,30 ,399 ,31 ,399 ,29 ,525 ,30 ,525 ,31 ,525 ,29 ,507 ,31 ,507 ,32 ,507 ,30 ,28 ,33 ,28 ,34 ,28 ,32 ,304 ,33 ,304 ,34 ,304 ,32 ,295 ,41 ,295 ,42 ,295 ,40 ,317 ,42 ,317 ,43 ,317 ,41 ,383 ,42 ,383 ,43 ,383 ,41 ,396 ,44 ,396 ,45 ,396 ,43 ,172 ,45 ,172 ,46 ,172 ,44 ,537 ,45 ,537 ,46 ,537 ,44 ,567 ,45 ,567 ,46 ,567 ,44 ,174 ,47 ,174 ,48 ,174 ,46 ,608 ,48 ,608 ,49 ,608 ,47 ,185 ,50 ,185 ,51 ,185 ,49 ,341 ,50 ,341 ,51 ,341 ,49 ,377 ,51 ,377 ,52 ,377 ,50 ,8 ,54 ,8 ,55 ,8 ,53 ,260 ,54 ,260 ,55 ,260 ,53 ,281 ,55 ,281 ,56 ,281 ,54 ,364 ,55 ,364 ,56 ,364 ,54 ,410 ,55 ,410 ,56 ,410 ,54 ,530 ,55 ,530 ,56 ,530 ,54 ,5 ,58 ,5 ,59 ,5 ,57 ,118 ,58 ,118 ,59 ,118 ,57 ,587 ,58 ,587 ,59 ,587 ,57 ,477 ,60 ,477 ,61 ,477 ,59 ,468 ,61 ,468 ,62 ,468 ,60 ,66 ,62 ,66 ,63 ,66 ,61 ,214 ,63 ,214 ,64 ,214 ,62 ,390 ,63 ,390 ,64 ,390 ,62 ,378 ,64 ,378 ,65 ,378 ,63 ,434 ,65 ,434 ,66 ,434 ,64 ,158 ,71 ,157 ,72 ,159 ,70 ,159 ,71 ,160 ,72 ,158 ,70 ,160 ,71 ,160 ,72 ,160 ,70 ,510 ,71 ,510 ,72 ,510 ,70 ,158 ,72 ,159 ,73 ,157 ,71 ,159 ,72 ,159 ,73 ,159 ,70 ,297 ,74 ,297 ,75 ,297 ,73 ,417 ,77 ,417 ,78 ,417 ,76 ,468 ,77 ,468 ,78 ,468 ,76 ,22 ,80 ,22 ,81 ,22 ,79 ,153 ,80 ,153 ,81 ,153 ,79 ,262 ,80 ,262 ,81 ,262 ,79 ,373 ,80 ,373 ,81 ,373 ,79 ,3 ,81 ,3 ,82 ,3 ,80 ,167 ,81 ,167 ,82 ,167 ,80 ,109 ,83 ,109 ,84 ,109 ,82 ,351 ,85 ,351 ,86 ,351 ,84 ,431 ,89 ,433 ,89 ,430 ,89 ,432 ,89 ,433 ,89 ,430 ,89 ,267 ,90 ,267 ,91 ,267 ,89 ,366 ,90 ,366 ,91 ,366 ,89 ,430 ,90 ,430 ,91 ,430 ,89 ,431 ,90 ,431 ,92 ,431 ,88 ,432 ,90 ,432 ,92 ,432 ,88 ,433 ,90 ,433 ,91 ,433 ,89 ,234 ,91 ,234 ,92 ,234 ,90 ,386 ,91 ,386 ,92 ,386 ,90 ,431 ,91 ,433 ,91 ,430 ,91 ,432 ,91 ,433 ,91 ,430 ,91 ,76 ,92 ,76 ,93 ,76 ,91 ,463 ,93 ,463 ,94 ,463 ,92 ,528 ,94 ,528 ,95 ,528 ,93 ,529 ,94 ,529 ,95 ,529 ,93 ,530 ,94 ,530 ,95 ,530 ,93 ,547 ,94 ,547 ,95 ,547 ,93 ,447 ,95 ,447 ,96 ,447 ,94 ,91 ,100 ,91 ,101 ,91 ,99 ,392 ,101 ,392 ,102 ,392 ,100 ,369 ,103 ,369 ,104 ,369 ,102 ,37 ,104 ,37 ,105 ,37 ,103 ,342 ,105 ,342 ,106 ,342 ,104 ,341 ,106 ,341 ,107 ,341 ,105 ,447 ,106 ,447 ,107 ,447 ,105 ,343 ,108 ,343 ,109 ,343 ,107 ,34 ,110 ,34 ,111 ,34 ,109 ,132 ,111 ,132 ,112 ,132 ,110 ,406 ,112 ,406 ,113 ,406 ,111 ,449 ,112 ,449 ,113 ,449 ,111 ,2 ,114 ,2 ,115 ,2 ,113 ,82 ,114 ,82 ,115 ,82 ,113 ,396 ,115 ,396 ,116 ,396 ,114 ,277 ,116 ,277 ,117 ,277 ,115 ,140 ,119 ,140 ,120 ,140 ,118 ,160 ,123 ,160 ,124 ,160 ,122 ,293 ,124 ,293 ,125 ,293 ,123 ,210 ,125 ,210 ,126 ,210 ,124 ,522 ,126 ,522 ,127 ,522 ,125 ,0 ,127 ,0 ,128 ,0 ,126 ,275 ,127 ,274 ,128 ,276 ,126 ,276 ,127 ,277 ,128 ,275 ,126 ,275 ,128 ,277 ,128 ,274 ,128 ,276 ,128 ,277 ,128 ,274 ,128 ,275 ,129 ,275 ,130 ,275 ,126 ,276 ,129 ,275 ,130 ,277 ,128 ,277 ,129 ,277 ,131 ,277 ,128 ,94 ,130 ,94 ,131 ,94 ,129 ,116 ,130 ,116 ,131 ,116 ,129 ,260 ,130 ,260 ,131 ,260 ,129 ,276 ,130 ,279 ,130 ,275 ,130 ,277 ,130 ,276 ,131 ,278 ,129 ,278 ,130 ,277 ,131 ,279 ,129 ,278 ,131 ,279 ,131 ,277 ,131 ,240 ,132 ,240 ,133 ,240 ,131 ,278 ,132 ,277 ,133 ,279 ,131 ,279 ,132 ,279 ,134 ,279 ,131 ,326 ,132 ,326 ,133 ,326 ,131 ,615 ,132 ,615 ,133 ,615 ,131 ,123 ,133 ,123 ,134 ,123 ,132 ,278 ,133 ,279 ,134 ,277 ,132 ,279 ,133 ,278 ,134 ,280 ,132 ,280 ,133 ,280 ,134 ,280 ,132 ,510 ,133 ,510 ,134 ,510 ,132 ,88 ,134 ,88 ,135 ,88 ,133 ,513 ,135 ,513 ,136 ,513 ,134 ,75 ,138 ,75 ,139 ,75 ,137 ,577 ,141 ,577 ,142 ,577 ,140 ,617 ,141 ,617 ,142 ,617 ,140 ,133 ,143 ,133 ,144 ,133 ,142 ,228 ,144 ,228 ,145 ,228 ,143 ,53 ,146 ,53 ,147 ,53 ,145 ,525 ,149 ,525 ,150 ,525 ,148 ,188 ,151 ,188 ,152 ,188 ,150 ,461 ,153 ,461 ,154 ,461 ,152 ,363 ,154 ,363 ,155 ,363 ,153 ,20 ,155 ,20 ,156 ,20 ,154 ,256 ,155 ,256 ,156 ,256 ,154 ,502 ,155 ,502 ,156 ,502 ,154 ,345 ,156 ,345 ,157 ,345 ,155 ,96 ,157 ,96 ,158 ,96 ,156 ,280 ,161 ,280 ,162 ,280 ,160 ,321 ,161 ,321 ,162 ,321 ,160 ,97 ,162 ,97 ,163 ,97 ,161 ,493 ,162 ,493 ,163 ,493 ,161 ,302 ,165 ,302 ,166 ,302 ,164 ,303 ,165 ,303 ,166 ,303 ,164 ,331 ,165 ,331 ,166 ,331 ,164 ,378 ,165 ,378 ,166 ,378 ,164 ,552 ,168 ,552 ,169 ,552 ,167 ,542 ,169 ,542 ,170 ,542 ,168 ,468 ,170 ,468 ,171 ,468 ,169 ,174 ,171 ,174 ,172 ,174 ,170 ,289 ,171 ,289 ,172 ,289 ,170 ,585 ,172 ,585 ,173 ,585 ,171 ,494 ,174 ,494 ,175 ,494 ,173 ,520 ,178 ,520 ,179 ,520 ,177 ,431 ,179 ,431 ,180 ,431 ,178 ,294 ,181 ,294 ,182 ,294 ,180 ,175 ,185 ,175 ,186 ,175 ,184 ,229 ,185 ,229 ,186 ,229 ,184 ,391 ,185 ,391 ,186 ,391 ,184 ,99 ,186 ,99 ,187 ,99 ,185 ,577 ,187 ,577 ,188 ,577 ,186 ,341 ,188 ,341 ,189 ,341 ,187 ,537 ,190 ,537 ,191 ,537 ,189 ,10 ,192 ,10 ,193 ,10 ,191 ,244 ,192 ,244 ,193 ,244 ,191 ,172 ,193 ,172 ,194 ,172 ,192 ,528 ,195 ,528 ,196 ,528 ,194 ,631 ,197 ,631 ,198 ,631 ,196 ,464 ,198 ,464 ,199 ,464 ,197 ,588 ,198 ,588 ,199 ,588 ,197 ,411 ,202 ,411 ,203 ,411 ,201 ,280 ,204 ,280 ,205 ,280 ,203 ,596 ,204 ,596 ,205 ,596 ,203 ,254 ,205 ,254 ,206 ,254 ,204 ,391 ,205 ,391 ,206 ,391 ,204 ,614 ,205 ,614 ,206 ,614 ,204 ,180 ,206 ,180 ,207 ,180 ,205 ,602 ,206 ,602 ,207 ,602 ,205 ,99 ,207 ,99 ,208 ,99 ,206 ,572 ,207 ,572 ,208 ,572 ,206 ,290 ,210 ,290 ,211 ,290 ,209 ,571 ,210 ,571 ,211 ,571 ,209 ,396 ,212 ,396 ,213 ,396 ,211 ,524 ,212 ,524 ,213 ,524 ,211 ,162 ,213 ,162 ,214 ,162 ,212 ,193 ,214 ,192 ,215 ,194 ,213 ,194 ,214 ,194 ,217 ,194 ,213 ,195 