%YAML:1.0
BPmap: !!opencv-matrix
   rows: 730
   cols: 6
   dt: w
   data: [ 0 ,0 ,0 ,1 ,0 ,1 ,1 ,0 ,1 ,1 ,1 ,1 ,9 ,0 ,9 ,1 ,9 ,1 ,19 ,0 ,19 ,1 ,19 ,1 ,42 ,0 ,42 ,1 ,42 ,1 ,44 ,0 ,44 ,1 ,44 ,1 ,67 ,0 ,67 ,1 ,67 ,1 ,317 ,0 ,317 ,1 ,317 ,1 ,323 ,0 ,323 ,1 ,323 ,1 ,347 ,0 ,347 ,1 ,347 ,1 ,386 ,0 ,386 ,1 ,386 ,1 ,389 ,0 ,389 ,1 ,389 ,1 ,436 ,0 ,436 ,1 ,436 ,1 ,463 ,0 ,463 ,1 ,463 ,1 ,490 ,0 ,490 ,1 ,490 ,1 ,522 ,0 ,522 ,1 ,522 ,1 ,535 ,0 ,535 ,1 ,535 ,1 ,543 ,0 ,543 ,1 ,543 ,1 ,563 ,0 ,563 ,1 ,563 ,1 ,611 ,0 ,611 ,1 ,611 ,1 ,635 ,0 ,635 ,1 ,635 ,1 ,356 ,1 ,356 ,2 ,356 ,0 ,421 ,1 ,421 ,2 ,421 ,0 ,422 ,1 ,422 ,2 ,422 ,0 ,424 ,1 ,424 ,2 ,424 ,0 ,626 ,1 ,626 ,2 ,626 ,0 ,633 ,1 ,633 ,2 ,633 ,0 ,313 ,2 ,313 ,3 ,313 ,1 ,358 ,2 ,359 ,2 ,357 ,2 ,394 ,2 ,394 ,3 ,394 ,1 ,470 ,2 ,470 ,3 ,470 ,1 ,516 ,2 ,516 ,3 ,516 ,1 ,524 ,2 ,524 ,3 ,524 ,1 ,529 ,2 ,529 ,3 ,529 ,1 ,530 ,2 ,530 ,3 ,530 ,1 ,625 ,2 ,625 ,3 ,625 ,1 ,47 ,3 ,47 ,4 ,47 ,2 ,351 ,3 ,351 ,4 ,351 ,2 ,358 ,3 ,359 ,3 ,357 ,3 ,405 ,3 ,405 ,4 ,405 ,2 ,476 ,3 ,476 ,4 ,476 ,2 ,596 ,3 ,596 ,4 ,596 ,2 ,172 ,4 ,172 ,5 ,172 ,3 ,249 ,4 ,249 ,5 ,249 ,3 ,342 ,4 ,342 ,5 ,342 ,3 ,383 ,4 ,383 ,5 ,383 ,3 ,539 ,4 ,539 ,5 ,539 ,3 ,364 ,5 ,364 ,6 ,364 ,4 ,367 ,5 ,367 ,6 ,367 ,4 ,414 ,5 ,414 ,6 ,414 ,4 ,637 ,5 ,637 ,6 ,637 ,4 ,540 ,7 ,540 ,8 ,540 ,6 ,604 ,7 ,604 ,8 ,604 ,6 ,104 ,8 ,104 ,9 ,104 ,7 ,150 ,8 ,150 ,9 ,150 ,7 ,405 ,8 ,405 ,9 ,405 ,7 ,459 ,8 ,459 ,9 ,459 ,7 ,638 ,8 ,638 ,9 ,638 ,7 ,170 ,9 ,170 ,10 ,170 ,8 ,421 ,9 ,421 ,10 ,421 ,8 ,639 ,9 ,639 ,10 ,639 ,8 ,513 ,10 ,513 ,11 ,513 ,9 ,635 ,12 ,635 ,13 ,635 ,11 ,593 ,13 ,593 ,14 ,593 ,12 ,68 ,15 ,68 ,16 ,68 ,14 ,131 ,15 ,131 ,16 ,131 ,14 ,639 ,15 ,639 ,16 ,639 ,14 ,337 ,16 ,337 ,17 ,337 ,15 ,493 ,16 ,493 ,17 ,493 ,15 ,242 ,17 ,242 ,18 ,242 ,16 ,4 ,18 ,4 ,19 ,4 ,17 ,215 ,18 ,215 ,19 ,215 ,17 ,263 ,20 ,263 ,21 ,263 ,19 ,291 ,20 ,291 ,21 ,291 ,19 ,400 ,20 ,400 ,21 ,400 ,19 ,129 ,21 ,129 ,22 ,129 ,20 ,239 ,22 ,239 ,23 ,239 ,21 ,615 ,23 ,615 ,24 ,615 ,22 ,380 ,24 ,380 ,25 ,380 ,23 ,49 ,26 ,49 ,27 ,49 ,25 ,0 ,28 ,0 ,29 ,0 ,27 ,12 ,29 ,12 ,30 ,12 ,28 ,202 ,29 ,202 ,30 ,202 ,28 ,399 ,30 ,399 ,31 ,399 ,29 ,525 ,30 ,525 ,31 ,525 ,29 ,507 ,31 ,507 ,32 ,507 ,30 ,28 ,33 ,28 ,34 ,28 ,32 ,2 ,40 ,2 ,41 ,2 ,39 ,295 ,41 ,295 ,42 ,295 ,40 ,383 ,42 ,383 ,43 ,383 ,41 ,396 ,44 ,396 ,45 ,396 ,43 ,537 ,45 ,537 ,46 ,537 ,44 ,567 ,45 ,567 ,46 ,567 ,44 ,174 ,47 ,174 ,48 ,174 ,46 ,608 ,48 ,608 ,49 ,608 ,47 ,185 ,50 ,185 ,51 ,185 ,49 ,341 ,50 ,341 ,51 ,341 ,49 ,8 ,54 ,8 ,55 ,8 ,53 ,105 ,54 ,105 ,55 ,105 ,53 ,260 ,54 ,260 ,55 ,260 ,53 ,281 ,55 ,281 ,56 ,281 ,54 ,364 ,55 ,364 ,56 ,364 ,54 ,410 ,55 ,410 ,56 ,410 ,54 ,530 ,55 ,530 ,56 ,530 ,54 ,639 ,56 ,639 ,57 ,639 ,55 ,5 ,58 ,5 ,59 ,5 ,57 ,118 ,58 ,118 ,59 ,118 ,57 ,587 ,58 ,587 ,59 ,587 ,57 ,1 ,59 ,1 ,60 ,1 ,58 ,340 ,59 ,340 ,60 ,340 ,58 ,468 ,60 ,469 ,60 ,467 ,60 ,477 ,60 ,477 ,61 ,477 ,59 ,468 ,61 ,469 ,61 ,467 ,61 ,66 ,62 ,66 ,63 ,66 ,61 ,214 ,63 ,214 ,64 ,214 ,62 ,390 ,63 ,390 ,64 ,390 ,62 ,378 ,64 ,378 ,65 ,378 ,63 ,434 ,65 ,434 ,66 ,434 ,64 ,34 ,69 ,34 ,70 ,34 ,68 ,158 ,71 ,158 ,72 ,158 ,70 ,510 ,71 ,510 ,72 ,510 ,70 ,297 ,74 ,297 ,75 ,297 ,73 ,417 ,77 ,417 ,78 ,417 ,76 ,468 ,77 ,468 ,78 ,468 ,76 ,1 ,78 ,1 ,79 ,1 ,77 ,22 ,80 ,22 ,81 ,22 ,79 ,153 ,80 ,153 ,81 ,153 ,79 ,262 ,80 ,262 ,81 ,262 ,79 ,373 ,80 ,373 ,81 ,373 ,79 ,3 ,81 ,3 ,82 ,3 ,80 ,167 ,81 ,167 ,82 ,167 ,80 ,109 ,83 ,109 ,84 ,109 ,82 ,351 ,85 ,351 ,86 ,351 ,84 ,91 ,86 ,91 ,87 ,91 ,85 ,531 ,88 ,531 ,89 ,531 ,87 ,431 ,89 ,432 ,89 ,430 ,89 ,267 ,90 ,267 ,91 ,267 ,89 ,366 ,90 ,366 ,91 ,366 ,89 ,430 ,90 ,430 ,91 ,430 ,89 ,431 ,90 ,432 ,91 ,430 ,89 ,234 ,91 ,234 ,92 ,234 ,90 ,386 ,91 ,386 ,92 ,386 ,90 ,431 ,91 ,432 ,91 ,430 ,91 ,76 ,92 ,76 ,93 ,76 ,91 ,463 ,93 ,463 ,94 ,463 ,92 ,528 ,94 ,528 ,95 ,528 ,93 ,529 ,94 ,529 ,95 ,529 ,93 ,547 ,94 ,547 ,95 ,547 ,93 ,447 ,95 ,447 ,96 ,447 ,94 ,549 ,98 ,549 ,99 ,549 ,97 ,91 ,100 ,91 ,101 ,91 ,99 ,392 ,101 ,392 ,102 ,392 ,100 ,369 ,103 ,369 ,104 ,369 ,102 ,37 ,104 ,37 ,105 ,37 ,103 ,342 ,105 ,342 ,106 ,342 ,104 ,341 ,106 ,341 ,107 ,341 ,105 ,447 ,106 ,447 ,107 ,447 ,105 ,343 ,108 ,343 ,109 ,343 ,107 ,34 ,110 ,34 ,111 ,34 ,109 ,132 ,111 ,132 ,112 ,132 ,110 ,406 ,112 ,406 ,113 ,406 ,111 ,449 ,112 ,449 ,113 ,449 ,111 ,2 ,114 ,2 ,115 ,2 ,113 ,82 ,114 ,82 ,115 ,82 ,113 ,396 ,115 ,396 ,116 ,396 ,114 ,277 ,116 ,277 ,117 ,277 ,115 ,174 ,118 ,174 ,119 ,174 ,117 ,140 ,119 ,140 ,120 ,140 ,118 ,64 ,120 ,64 ,121 ,64 ,119 ,160 ,123 ,160 ,124 ,160 ,122 ,293 ,124 ,293 ,125 ,293 ,123 ,210 ,125 ,210 ,126 ,210 ,124 ,278 ,125 ,278 ,126 ,278 ,124 ,522 ,126 ,522 ,127 ,522 ,125 ,0 ,127 ,0 ,128 ,0 ,126 ,275 ,127 ,277 ,127 ,273 ,127 ,275 ,128 ,277 ,128 ,273 ,128 ,532 ,128 ,532 ,129 ,532 ,127 ,276 ,129 ,275 ,130 ,277 ,128 ,116 ,130 ,116 ,131 ,116 ,129 ,260 ,130 ,260 ,131 ,260 ,129 ,277 ,130 ,276 ,131 ,278 ,129 ,240 ,132 ,240 ,133 ,240 ,131 ,278 ,132 ,277 ,133 ,279 ,131 ,279 ,132 ,280 ,133 ,278 ,131 ,326 ,132 ,326 ,133 ,326 ,131 ,615 ,132 ,615 ,133 ,615 ,131 ,123 ,133 ,123 ,134 ,123 ,132 ,278 ,133 ,279 ,134 ,277 ,132 ,279 ,133 ,278 ,134 ,280 ,132 ,510 ,133 ,510 ,134 ,510 ,132 ,0 ,134 ,0 ,135 ,0 ,133 ,88 ,134 ,88 ,135 ,88 ,133 ,513 ,135 ,513 ,136 ,513 ,134 ,75 ,138 ,75 ,139 ,75 ,137 ,577 ,141 ,577 ,142 ,577 ,140 ,617 ,141 ,617 ,142 ,617 ,140 ,133 ,143 ,133 ,144 ,133 ,142 ,228 ,144 ,228 ,145 ,228 ,143 ,56 ,145 ,56 ,146 ,56 ,144 ,53 ,146 ,53 ,147 ,53 ,145 ,525 ,149 ,525 ,150 ,525 ,148 ,188 ,151 ,188 ,152 ,188 ,150 ,228 ,151 ,228 ,152 ,228 ,150 ,461 ,153 ,461 ,154 ,461 ,152 ,363 ,154 ,363 ,155 ,363 ,153 ,20 ,155 ,20 ,156 ,20 ,154 ,29 ,155 ,29 ,156 ,29 ,154 ,256 ,155 ,256 ,156 ,256 ,154 ,345 ,156 ,345 ,157 ,345 ,155 ,96 ,157 ,96 ,158 ,96 ,156 ,1 ,159 ,1 ,160 ,1 ,158 ,280 ,161 ,280 ,162 ,280 ,160 ,321 ,161 ,321 ,162 ,321 ,160 ,97 ,162 ,97 ,163 ,97 ,161 ,302 ,165 ,302 ,166 ,302 ,164 ,331 ,165 ,331 ,166 ,331 ,164 ,378 ,165 ,378 ,166 ,378 ,164 ,552 ,168 ,552 ,169 ,552 ,167 ,65 ,169 ,65 ,170 ,65 ,168 ,542 ,169 ,542 ,170 ,542 ,168 ,59 ,170 ,59 ,171 ,59 ,169 ,468 ,170 ,468 ,171 ,468 ,169 ,174 ,171 ,174 ,172 ,174 ,170 ,289 ,171 ,289 ,172 ,289 ,170 ,585 ,172 ,585 ,173 ,585 ,171 ,494 ,174 ,494 ,175 ,494 ,173 ,585 ,176 ,585 ,177 ,585 ,175 ,520 ,178 ,520 ,179 ,520 ,177 ,431 ,179 ,431 ,180 ,431 ,178 ,294 ,181 ,294 ,182 ,294 ,180 ,175 ,185 ,175 ,186 ,175 ,184 ,229 ,185 ,229 ,186 ,229 ,184 ,391 ,185 ,391 ,186 ,391 ,184 ,99 ,186 ,99 ,187 ,99 ,185 ,86 ,188 ,86 ,189 ,86 ,187 ,118 ,188 ,118 ,189 ,118 ,187 ,341 ,188 ,341 ,189 ,341 ,187 ,78 ,190 ,78 ,191 ,78 ,189 ,537 ,190 ,537 ,191 ,537 ,189 ,561 ,190 ,561 ,191 ,561 ,189 ,10 ,192 ,10 ,193 ,10 ,191 ,244 ,192 ,244 ,193 ,244 ,191 ,631 ,197 ,631 ,198 ,631 ,196 ,464 ,198 ,464 ,199 ,464 ,197 ,597 ,198 ,597 ,199 ,597 ,197 ,411 ,202 ,411 ,203 ,411 ,201 ,596 ,203 ,596 ,204 ,596 ,202 ,254 ,205 ,254 ,206 ,254 ,204 ,391 ,205 ,391 ,206 ,391 ,204 ,180 ,206 ,180 ,207 ,180 ,205 ,602 ,206 ,602 ,207 ,602 ,205 ,99 ,207 ,99 ,208 ,99 ,206 ,572 ,207 ,572 ,208 ,572 ,206 ,290 ,210 ,290 ,211 ,290 ,209 ,571 ,210 ,571 ,211 ,571 ,209 ,458 ,211 ,458 ,212 ,458 ,210 ,396 ,212 ,396 ,213 ,396 ,211 ,524 ,212 ,524 ,213 ,524 ,211 ,162 ,213 ,162 ,214 ,162 ,212 ,193 ,214 ,192 ,215 ,194 ,213 ,194 ,214 ,195 ,215 ,193 ,213 ,193 ,215 ,194 ,216 ,192 ,214 ,194 ,215 ,193 ,216 ,195 ,214 ,632 ,215 ,632 ,216 ,632 ,214 ,250 ,217 ,250 ,218 ,250 ,216 ,450 ,218 ,450 ,219 ,450 ,217 ,40 ,219 ,40 ,220 ,40 ,218 ,125 ,220 ,125 ,221 ,125 ,219 ,210 ,220 ,210 ,221 ,210 ,219 ,249 ,222 ,249 ,223 ,249 ,221 ,426 ,226 ,426 ,227 ,426 ,225 ,58 ,227 ,58 ,228 ,58 ,226 ,493 ,227 ,493 ,228 ,493 ,226 ,136 ,228 ,136 ,229 ,136 ,227 ,93 ,233 ,93 ,234 ,93 ,232 ,343 ,233 ,343 ,234 ,343 ,232 ,473 ,233 ,473 ,234 ,473 ,232 ,68 ,235 ,68 ,236 ,68 ,234 ,469 ,236 ,469 ,237 ,469 ,235 ,461 ,237 ,461 ,238 ,461 ,236 ,415 ,238 ,415 ,239 ,415 ,237 ,53 ,241 ,53 ,242 ,53 ,240 ,116 ,244 ,116 ,245 ,116 ,243 ,128 ,245 ,128 ,246 ,128 ,244 ,249 ,246 ,249 ,247 ,249 ,245 ,19 ,247 ,19 ,248 ,19 ,246 ,327 ,247 ,327 ,248 ,327 ,246 ,581 ,247 ,581 ,248 ,581 ,246 ,161 ,249 ,161 ,250 ,161 ,248 ,234 ,249 ,234 ,250 ,234 ,248 ,550 ,250 ,550 ,251 ,550 ,249 ,60 ,